11


2
255 128 10
0.8
500 0 -400
100

2
110 10 200
0.9
600 0 1300
800

2
100 200 1
0.0
0 0 -200
5000

1
255 0 0
0.0
0 0 -500
0 500 0
500 0 0
1
0 255 0
0.0
0 0 -500
0 -500 0
500 0 0
1
0 0 255
0.0
0 0 -500
0 500 0
-500 0 0
1
255 255 0
0.0
0 0 -500
0 -500 0
-500 0 0
1
128 0 255
0.0
0 0 500
0 500 0
500 0 0
1
0 191 255
0.0
0 0 500
0 500 0
-500 0 0
1
255 255 255
0.0
0 0 500
0 -500 0
500 0 0
1
255 128 0
0.0
0 0 500
0 -500 0
-500 0 0






255 0 0
10 0 0
-10 0 20
0 10 20

255 0 0
0 0 -500
-500 0 0
0 500 0



int width = 1500;
int height = 1500;

crd corner(1500 , 0 , 750);
crd a(0,0,-1);
crd b(-1,-1,0);
crd obs(70000, -70000, 20000);



1

255 0 0
0 0 50
120 10 51
-50 250 50


/supersphere 


2
255 128 0
0.8
-200 100 -550
40